40943904875
39297765439
39299862591
39297765434
39299862587
39297765439
39297765439
39297765439
41412724008
41447327016
41412724009
41446311209
41446311209
41034455559
41033406990
41033408015
34481923400
34490447168
34481923401
34481929545
34490445128
24351136576
24351120196
24351251264
24351120197
24351120196
24351251265
24351120196
41413809693
41413809692
41413808669
41413808669
41447098712
41447115089
41447107345
41447230320
41447115088
41447107448
38881860620
38882909197
38881860621
38881860612
38881926149
38881893380
56596503070
56630057495
56604891679
56594405895
56636348950
56594405398