40943904875
39297765438
39299862590
39297765434
39299862586
39297765438
39297765438
39297765438
41412724009
41447327017
41412724009
41446311209
41446311209
41034455559
41033406991
41033408015
34481923400
34490447168
34481923400
34481929544
34490445128
24351136577
24351120197
24351251265
24351120197
24351120197
24351251265
24351120197
41413809693
41413809693
41413808669
41413808669
41447098712
41447115088
41447107344
41447230320
41447115088
41447107448
38881860620
38882909196
38881860620
38881860612
38881926148
38881893380
56596503070
56630057495
56604891679
56594405895
56636348950
56594405398